[anchor_parameters]
ratios = 0.5 1 2
scales = 1 1.25992105 1.587401052
sizes = 32 64 128 256 512
strides = 8 16 32 64 128