[anchor_parameters]
ratios = 0.5 1 1.5
scales = 1 1.25992105 1.587401052
sizes = 30 53 90 100 150
strides = 8 16 32 64 128